0.01 0.014063
0.02 0.016436
0.03 0.018081
0.04 0.019398
0.05 0.020263
0.06 0.021086
0.07 0.021877
0.08 0.022443
0.09 0.023247
0.1 0.023915000000000002
0.11 0.024597
0.12 0.02537
0.13 0.026108
0.14 0.026937000000000003
0.15 0.027738
0.16 0.028319999999999998
0.17 0.029228
0.18 0.029844
0.19 0.030754999999999998
0.2 0.031663000000000004
0.21 0.032422
0.22 0.033262
0.23 0.033837
0.24 0.034827
0.25 0.035523
0.26 0.036282
0.27 0.037235
0.28 0.038058999999999996
0.29 0.038972
0.3 0.039868
0.31 0.040616000000000006
0.32 0.041562999999999996
0.33 0.042276
0.34 0.043601
0.35 0.044402
0.36 0.045270000000000005
0.37 0.046408
0.38 0.04731
0.39 0.04825
0.4 0.049477
0.41 0.050816999999999994
0.42 0.051361
0.43 0.052755
0.44 0.054255000000000005
0.45 0.055027
0.46 0.056576
0.47 0.057627
0.48 0.058894
0.49 0.060090000000000005
0.5 0.061556
0.51 0.062835
0.52 0.064641
0.53 0.065866
0.54 0.067214
0.55 0.068386
0.56 0.069906
0.57 0.071537
0.58 0.073483
0.59 0.075169
0.6 0.076443
0.61 0.078002
0.62 0.080083
0.63 0.08208700000000001
0.64 0.083978
0.65 0.085944
0.66 0.087886
0.67 0.08991500000000001
0.68 0.091309
0.69 0.093225
0.7 0.096299
0.71 0.09872299999999999
0.72 0.10044
0.73 0.10307499999999999
0.74 0.105631
0.75 0.108213
0.76 0.110462
0.77 0.11358599999999999
0.78 0.116292
0.79 0.118308
0.8 0.12078900000000001
0.81 0.123489
0.82 0.12710000000000002
0.83 0.13123200000000002
0.84 0.135045
0.85 0.137192
0.86 0.140976
0.87 0.143477
0.88 0.147224
0.89 0.151485
0.9 0.154132
0.91 0.158805
0.92 0.162945
0.93 0.166581
0.94 0.17119700000000002
0.95 0.175424
0.96 0.17976
0.97 0.185808
0.98 0.18929600000000002
0.99 0.19315300000000002
1.0 0.19670200000000002
1.01 0.20406500000000002
1.02 0.208889
1.03 0.21204599999999998
1.04 0.217313
1.05 0.225607
1.06 0.229986
1.07 0.23742999999999997
1.08 0.240107
1.09 0.24631799999999998
1.1 0.252495
1.11 0.260763
1.12 0.265991
1.13 0.27275099999999997
1.14 0.276926
1.15 0.284937
1.16 0.288646
1.17 0.294699
1.18 0.302551
1.19 0.309074
1.2 0.314808
1.21 0.325849
1.22 0.33086799999999994
1.23 0.340169
1.24 0.345073
1.25 0.35277000000000003
1.26 0.36079
1.27 0.366934
1.28 0.377051
1.29 0.38309800000000005
1.3 0.39266399999999996
1.31 0.39881999999999995
1.32 0.400038
1.33 0.411956
1.34 0.42137500000000006
1.35 0.428823
1.36 0.434785
1.37 0.445215
1.38 0.448289
1.39 0.455548
1.4 0.46637999999999996
1.41 0.474155
1.42 0.479131
1.43 0.487741
1.44 0.494778
1.45 0.49869399999999997
1.46 0.50983
1.47 0.515745
1.48 0.525289
1.49 0.531992
1.5 0.538066
1.51 0.54632
1.52 0.554176
1.53 0.559011
1.54 0.564459
1.55 0.5735439999999999
1.56 0.581268
1.57 0.587199
1.58 0.595215
1.59 0.597472
1.6 0.605105
1.61 0.612213
1.62 0.616977
1.63 0.625273
1.64 0.628676
1.65 0.633053
1.66 0.6415430000000001
1.67 0.647497
1.68 0.6539490000000001
1.69 0.657103
1.7 0.6615049999999999
1.71 0.6695690000000001
1.72 0.67585
1.73 0.68092
1.74 0.683107
1.75 0.6902849999999999
1.76 0.694308
1.77 0.699498
1.78 0.703429
1.79 0.7093349999999999
1.8 0.7138890000000001
1.81 0.716629
1.82 0.719192
1.83 0.726344
1.84 0.7306570000000001
1.85 0.7347079999999999
1.86 0.737833
1.87 0.741106
1.88 0.745737
1.89 0.752247
1.9 0.7532380000000001
1.91 0.757155
1.92 0.762919
1.93 0.763254
1.94 0.768981
1.95 0.77191
1.96 0.774546
1.97 0.7782250000000001
1.98 0.7810729999999999
1.99 0.78358
2.0 0.788343
