0.01 0.10448299999999999
0.02 0.10872699999999999
0.03 0.11289
0.04 0.116936
0.05 0.12123600000000001
0.06 0.124864
0.07 0.128952
0.08 0.132806
0.09 0.13646799999999998
0.1 0.139581
0.11 0.143243
0.12 0.14724299999999999
0.13 0.150399
0.14 0.153449
0.15 0.157308
0.16 0.16039399999999998
0.17 0.163307
0.18 0.166462
0.19 0.169682
0.2 0.173605
0.21 0.176262
0.22 0.179417
0.23 0.182233
0.24 0.185001
0.25 0.18834599999999999
0.26 0.191613
0.27 0.19472
0.28 0.197525
0.29 0.199848
0.3 0.20312899999999998
0.31 0.20592700000000003
0.32 0.20867200000000002
0.33 0.21232
0.34 0.21541100000000002
0.35 0.21838600000000002
0.36 0.221092
0.37 0.223529
0.38 0.226925
0.39 0.229766
0.4 0.23230699999999999
0.41 0.236904
0.42 0.238551
0.43 0.242213
0.44 0.245187
0.45 0.24760900000000002
0.46 0.250882
0.47 0.25358800000000004
0.48 0.257204
0.49 0.259978
0.5 0.262284
0.51 0.266175
0.52 0.269399
0.53 0.271637
0.54 0.275477
0.55 0.27826
0.56 0.281865
0.57 0.28500899999999996
0.58 0.287899
0.59 0.290769
0.6 0.294203
0.61 0.297971
0.62 0.300396
0.63 0.303847
0.64 0.30750099999999997
0.65 0.308914
0.66 0.31384599999999996
0.67 0.315853
0.68 0.319349
0.69 0.323107
0.7 0.3266
0.71 0.33042
0.72 0.333063
0.73 0.336576
0.74 0.340476
0.75 0.343889
0.76 0.347747
0.77 0.350195
0.78 0.354285
0.79 0.357077
0.8 0.360697
0.81 0.36444899999999997
0.82 0.367273
0.83 0.37128
0.84 0.37408399999999997
0.85 0.377426
0.86 0.38207
0.87 0.385648
0.88 0.38905599999999996
0.89 0.393015
0.9 0.396063
0.91 0.399512
0.92 0.403094
0.93 0.40692000000000006
0.94 0.41136799999999996
0.95 0.413497
0.96 0.417469
0.97 0.420676
0.98 0.423958
0.99 0.42848600000000003
1.0 0.432331
1.01 0.435884
1.02 0.439506
1.03 0.444543
1.04 0.447607
1.05 0.45043
1.06 0.454112
1.07 0.45921900000000004
1.08 0.462392
1.09 0.466017
1.1 0.468854
1.11 0.474004
1.12 0.47784000000000004
1.13 0.48093199999999997
1.14 0.484629
1.15 0.488089
1.16 0.491303
1.17 0.49484500000000003
1.18 0.49988
1.19 0.503305
1.2 0.506426
1.21 0.511488
1.22 0.5154110000000001
1.23 0.518
1.24 0.522759
1.25 0.5253479999999999
1.26 0.530043
1.27 0.534039
1.28 0.537883
1.29 0.541481
1.3 0.5448660000000001
1.31 0.548659
1.32 0.5520780000000001
1.33 0.556085
1.34 0.560076
1.35 0.562837
1.36 0.5664990000000001
1.37 0.571956
1.38 0.575599
1.39 0.577835
1.4 0.583005
1.41 0.585512
1.42 0.589347
1.43 0.5928009999999999
1.44 0.596421
1.45 0.599423
1.46 0.605024
1.47 0.6065940000000001
1.48 0.6107750000000001
1.49 0.614865
1.5 0.618376
1.51 0.621441
1.52 0.625042
1.53 0.629368
1.54 0.633301
1.55 0.635527
1.56 0.639775
1.57 0.643965
1.58 0.646699
1.59 0.650179
1.6 0.652689
1.61 0.658046
1.62 0.6601250000000001
1.63 0.663023
1.64 0.6666839999999999
1.65 0.670359
1.66 0.6743140000000001
1.67 0.676296
1.68 0.680265
1.69 0.684766
1.7 0.687214
1.71 0.6892400000000001
1.72 0.6920689999999999
1.73 0.6962200000000001
1.74 0.700934
1.75 0.7026589999999999
1.76 0.705551
1.77 0.707711
1.78 0.7114480000000001
1.79 0.7148220000000001
1.8 0.717577
1.81 0.721766
1.82 0.724088
1.83 0.727541
1.84 0.730699
1.85 0.733074
1.86 0.737599
1.87 0.7397050000000001
1.88 0.743931
1.89 0.7468239999999999
1.9 0.748074
1.91 0.7513650000000001
1.92 0.754122
1.93 0.7572479999999999
1.94 0.759654
1.95 0.762296
1.96 0.765193
1.97 0.76784
1.98 0.771111
1.99 0.773173
2.0 0.7770539999999999
