0.01 0.0038959999999999997
0.02 0.004196
0.03 0.004418999999999999
0.04 0.0046500000000000005
0.05 0.004974
0.06 0.005197
0.07 0.00553
0.08 0.005808
0.09 0.006096
0.1 0.006319
0.11 0.006489
0.12 0.006776
0.13 0.007017000000000001
0.14 0.007269
0.15 0.0074340000000000005
0.16 0.007746
0.17 0.007881
0.18 0.008212
0.19 0.008414
0.2 0.008652
0.21 0.008953
0.22 0.009207
0.23 0.009397
0.24 0.009646
0.25 0.009982
0.26 0.010251
0.27 0.010474
0.28 0.010846999999999999
0.29 0.011071
0.3 0.011389
0.31 0.011693
0.32 0.011992000000000001
0.33 0.012263
0.34 0.01262
0.35 0.013048
0.36 0.013276
0.37 0.013592
0.38 0.014036
0.39 0.0145
0.4 0.014908
0.41 0.015309
0.42 0.015465999999999999
0.43 0.016235
0.44 0.016573
0.45 0.016937
0.46 0.017204
0.47 0.017741
0.48 0.018526
0.49 0.018901
0.5 0.019584
0.51 0.019857
0.52 0.020658000000000003
0.53 0.020832999999999997
0.54 0.021558
0.55 0.022158
0.56 0.022866
0.57 0.023494
0.58 0.02431
0.59 0.024605000000000002
0.6 0.025544
0.61 0.026521
0.62 0.027201
0.63 0.028175000000000002
0.64 0.028721
0.65 0.030068
0.66 0.03062
0.67 0.031918
0.68 0.032823
0.69 0.033941000000000006
0.7 0.035432000000000005
0.71 0.035719
0.72 0.037852
0.73 0.038647
0.74 0.040257
0.75 0.041807000000000004
0.76 0.043396000000000004
0.77 0.04523
0.78 0.046078
0.79 0.047627
0.8 0.049897
0.81 0.051304999999999996
0.82 0.054066
0.83 0.055433
0.84 0.058927
0.85 0.058997999999999995
0.86 0.063069
0.87 0.065229
0.88 0.06868099999999999
0.89 0.070257
0.9 0.074515
0.91 0.076933
0.92 0.082113
0.93 0.084782
0.94 0.086973
0.95 0.093599
0.96 0.098111
0.97 0.101393
0.98 0.105645
0.99 0.111296
1.0 0.11663599999999999
1.01 0.120851
1.02 0.128666
1.03 0.134465
1.04 0.14294300000000001
1.05 0.146969
1.06 0.15298599999999998
1.07 0.163792
1.08 0.169523
1.09 0.177362
1.1 0.185098
1.11 0.189888
1.12 0.203287
1.13 0.213141
1.14 0.22362200000000002
1.15 0.232891
1.16 0.241512
1.17 0.252516
1.18 0.257779
1.19 0.27338
1.2 0.281258
1.21 0.296314
1.22 0.305358
1.23 0.31443099999999996
1.24 0.32648200000000005
1.25 0.33978699999999995
1.26 0.350449
1.27 0.358541
1.28 0.37257100000000004
1.29 0.379432
1.3 0.392796
1.31 0.403758
1.32 0.41144600000000003
1.33 0.425751
1.34 0.434631
1.35 0.445664
1.36 0.45740800000000004
1.37 0.461704
1.38 0.47504599999999997
1.39 0.48147
1.4 0.49229700000000004
1.41 0.502242
1.42 0.511165
1.43 0.519531
1.44 0.526978
1.45 0.5360689999999999
1.46 0.543888
1.47 0.551585
1.48 0.55774
1.49 0.567761
1.5 0.5717530000000001
1.51 0.580808
1.52 0.587201
1.53 0.5944299999999999
1.54 0.59713
1.55 0.6049370000000001
1.56 0.6103010000000001
1.57 0.616004
1.58 0.623656
1.59 0.632061
1.6 0.637264
1.61 0.6437820000000001
1.62 0.6480990000000001
1.63 0.651534
1.64 0.6554070000000001
1.65 0.6612319999999999
1.66 0.666366
1.67 0.671676
1.68 0.6772079999999999
1.69 0.682076
1.7 0.686481
1.71 0.6929829999999999
1.72 0.696034
1.73 0.702022
1.74 0.704493
1.75 0.708794
1.76 0.7125009999999999
1.77 0.717536
1.78 0.721878
1.79 0.7261190000000001
1.8 0.7296459999999999
1.81 0.73266
1.82 0.737026
1.83 0.7396860000000001
1.84 0.7439669999999999
1.85 0.749987
1.86 0.752064
1.87 0.756218
1.88 0.758909
1.89 0.7626090000000001
1.9 0.764316
1.91 0.767561
1.92 0.7713819999999999
1.93 0.774042
1.94 0.77739
1.95 0.780404
1.96 0.784072
1.97 0.7872899999999999
1.98 0.789707
1.99 0.792539
2.0 0.795215
