0.01 0.024378
0.02 0.027985000000000003
0.03 0.030729000000000003
0.04 0.033371
0.05 0.035302
0.06 0.036952
0.07 0.038692000000000004
0.08 0.04003
0.09 0.041252000000000004
0.1 0.042491
0.11 0.043598
0.12 0.044913999999999996
0.13 0.04589699999999999
0.14 0.046996
0.15 0.048334999999999996
0.16 0.049274
0.17 0.050495
0.18 0.05164
0.19 0.052765000000000006
0.2 0.05395
0.21 0.055094000000000004
0.22 0.056429
0.23 0.0579
0.24 0.058941999999999994
0.25 0.060187
0.26 0.061311
0.27 0.06253700000000001
0.28 0.063779
0.29 0.065305
0.3 0.066473
0.31 0.06781100000000001
0.32 0.06938799999999999
0.33 0.071127
0.34 0.072229
0.35 0.073571
0.36 0.075225
0.37 0.076424
0.38 0.077594
0.39 0.079455
0.4 0.081026
0.41 0.08249000000000001
0.42 0.083939
0.43 0.085746
0.44 0.087784
0.45 0.089016
0.46 0.090985
0.47 0.092875
0.48 0.09371299999999999
0.49 0.095742
0.5 0.09790599999999999
0.51 0.099466
0.52 0.10116
0.53 0.103462
0.54 0.10519500000000001
0.55 0.10752
0.56 0.109765
0.57 0.11066000000000001
0.58 0.113186
0.59 0.11563000000000001
0.6 0.117856
0.61 0.12024800000000001
0.62 0.12254
0.63 0.124819
0.64 0.127281
0.65 0.129703
0.66 0.132592
0.67 0.135383
0.68 0.13736700000000002
0.69 0.13984
0.7 0.142607
0.71 0.14462
0.72 0.148618
0.73 0.151143
0.74 0.154357
0.75 0.15665300000000001
0.76 0.159946
0.77 0.163272
0.78 0.166206
0.79 0.167791
0.8 0.172366
0.81 0.174864
0.82 0.178749
0.83 0.182683
0.84 0.186116
0.85 0.187922
0.86 0.193355
0.87 0.195402
0.88 0.199711
0.89 0.203115
0.9 0.207681
0.91 0.211133
0.92 0.21621600000000002
0.93 0.21992
0.94 0.225162
0.95 0.229395
0.96 0.232062
0.97 0.237334
0.98 0.242562
0.99 0.24641
1.0 0.25008199999999997
1.01 0.255582
1.02 0.260113
1.03 0.262958
1.04 0.268055
1.05 0.2727
1.06 0.278918
1.07 0.284331
1.08 0.290485
1.09 0.296357
1.1 0.299036
1.11 0.305987
1.12 0.310176
1.13 0.314761
1.14 0.322768
1.15 0.326351
1.16 0.331214
1.17 0.33935200000000004
1.18 0.344912
1.19 0.348511
1.2 0.353079
1.21 0.36190399999999995
1.22 0.36377299999999996
1.23 0.371875
1.24 0.37758800000000003
1.25 0.381122
1.26 0.38832900000000004
1.27 0.394309
1.28 0.39886499999999997
1.29 0.4065
1.3 0.412468
1.31 0.417943
1.32 0.426221
1.33 0.431119
1.34 0.437915
1.35 0.443679
1.36 0.450458
1.37 0.454764
1.38 0.460993
1.39 0.468442
1.4 0.47489600000000004
1.41 0.481922
1.42 0.487735
1.43 0.491832
1.44 0.500287
1.45 0.503935
1.46 0.5114759999999999
1.47 0.519319
1.48 0.522586
1.49 0.528857
1.5 0.534031
1.51 0.539675
1.52 0.548069
1.53 0.5544530000000001
1.54 0.557805
1.55 0.565423
1.56 0.57164
1.57 0.577279
1.58 0.5828479999999999
1.59 0.588661
1.6 0.594175
1.61 0.599259
1.62 0.604949
1.63 0.609062
1.64 0.615692
1.65 0.622372
1.66 0.625809
1.67 0.630781
1.68 0.637143
1.69 0.643701
1.7 0.648721
1.71 0.6534770000000001
1.72 0.6562730000000001
1.73 0.661956
1.74 0.6692619999999999
1.75 0.673346
1.76 0.6783
1.77 0.683241
1.78 0.686413
1.79 0.691594
1.8 0.6978
1.81 0.701234
1.82 0.7051040000000001
1.83 0.711865
1.84 0.7137709999999999
1.85 0.719002
1.86 0.722643
1.87 0.726457
1.88 0.729893
1.89 0.73335
1.9 0.7374379999999999
1.91 0.742508
1.92 0.746212
1.93 0.749199
1.94 0.752436
1.95 0.7567619999999999
1.96 0.761539
1.97 0.765166
1.98 0.767938
1.99 0.772617
2.0 0.77557
