1.000000 0.000000
1.000977 0.001951
1.001953 0.003896
1.002930 0.005837
1.003906 0.007772
1.004883 0.009702
1.005859 0.011628
1.006836 0.013548
1.007812 0.015464
1.008789 0.017374
1.009766 0.019280
1.010742 0.021180
1.011719 0.023076
1.012695 0.024967
1.013672 0.026853
1.014648 0.028734
1.015625 0.030611
1.016602 0.032482
1.017578 0.034349
1.018555 0.036211
1.019531 0.038068
1.020508 0.039920
1.021484 0.041768
1.022461 0.043611
1.023438 0.045449
1.024414 0.047283
1.025391 0.049112
1.026367 0.050936
1.027344 0.052755
1.028320 0.054570
1.029297 0.056381
1.030273 0.058186
1.031250 0.059988
1.032227 0.061784
1.033203 0.063576
1.034180 0.065364
1.035156 0.067147
1.036133 0.068925
1.037109 0.070699
1.038086 0.072469
1.039062 0.074234
1.040039 0.075994
1.041016 0.077751
1.041992 0.079502
1.042969 0.081250
1.043945 0.082993
1.044922 0.084731
1.045898 0.086465
1.046875 0.088195
1.047852 0.089921
1.048828 0.091642
1.049805 0.093359
1.050781 0.095072
1.051758 0.096780
1.052734 0.098484
1.053711 0.100184
1.054688 0.101880
1.055664 0.103571
1.056641 0.105258
1.057617 0.106941
1.058594 0.108620
1.059570 0.110295
1.060547 0.111965
1.061523 0.113631
1.062500 0.115294
1.063477 0.116952
1.064453 0.118606
1.065430 0.120256
1.066406 0.121902
1.067383 0.123544
1.068359 0.125181
1.069336 0.126815
1.070312 0.128445
1.071289 0.130070
1.072266 0.131692
1.073242 0.133310
1.074219 0.134924
1.075195 0.136534
1.076172 0.138139
1.077148 0.139741
1.078125 0.141339
1.079102 0.142933
1.080078 0.144524
1.081055 0.146110
1.082031 0.147692
1.083008 0.149271
1.083984 0.150846
1.084961 0.152417
1.085938 0.153984
1.086914 0.155547
1.087891 0.157107
1.088867 0.158662
1.089844 0.160214
1.090820 0.161763
1.091797 0.163307
1.092773 0.164848
1.093750 0.166385
1.094727 0.167918
1.095703 0.169448
1.096680 0.170974
1.097656 0.172496
1.098633 0.174014
1.099609 0.175529
1.100586 0.177040
1.101562 0.178548
1.102539 0.180052
1.103516 0.181552
1.104492 0.183049
1.105469 0.184542
1.106445 0.186032
1.107422 0.187518
1.108398 0.189001
1.109375 0.190480
1.110352 0.191955
1.111328 0.193427
1.112305 0.194895
1.113281 0.196360
1.114258 0.197822
1.115234 0.199280
1.116211 0.200734
1.117188 0.202185
1.118164 0.203633
1.119141 0.205077
1.120117 0.206518
1.121094 0.207955
1.122070 0.209389
1.123047 0.210819
1.124023 0.212246
1.125000 0.213670
1.125977 0.215091
1.126953 0.216508
1.127930 0.217921
1.128906 0.219332
1.129883 0.220739
1.130859 0.222142
1.131836 0.223543
1.132812 0.224940
1.133789 0.226334
1.134766 0.227725
1.135742 0.229112
1.136719 0.230496
1.137695 0.231877
1.138672 0.233254
1.139648 0.234629
1.140625 0.236000
1.141602 0.237368
1.142578 0.238733
1.143555 0.240094
1.144531 0.241453
1.145508 0.242808
1.146484 0.244160
1.147461 0.245509
1.148438 0.246855
1.149414 0.248198
1.150391 0.249538
1.151367 0.250874
1.152344 0.252207
1.153320 0.253538
1.154297 0.254865
1.155273 0.256189
1.156250 0.257510
1.157227 0.258828
1.158203 0.260143
1.159180 0.261455
1.160156 0.262764
1.161133 0.264070
1.162109 0.265373
1.163086 0.266673
1.164062 0.267970
1.165039 0.269264
1.166016 0.270555
1.166992 0.271843
1.167969 0.273128
1.168945 0.274411
1.169922 0.275690
1.170898 0.276966
1.171875 0.278240
1.172852 0.279510
1.173828 0.280778
1.174805 0.282042
1.175781 0.283304
1.176758 0.284563
1.177734 0.285819
1.178711 0.287072
1.179688 0.288323
1.180664 0.289570
1.181641 0.290815
1.182617 0.292057
1.183594 0.293296
1.184570 0.294532
1.185547 0.295765
1.186523 0.296996
1.187500 0.298224
1.188477 0.299449
1.189453 0.300671
1.190430 0.301891
1.191406 0.303108
1.192383 0.304322
1.193359 0.305533
1.194336 0.306742
1.195312 0.307948
1.196289 0.309151
1.197266 0.310351
1.198242 0.311549
1.199219 0.312744
1.200195 0.313937
1.201172 0.315126
1.202148 0.316313
1.203125 0.317498
1.204102 0.318680
1.205078 0.319859
1.206055 0.321035
1.207031 0.322209
1.208008 0.323380
1.208984 0.324549
1.209961 0.325715
1.210938 0.326879
1.211914 0.328039
1.212891 0.329198
1.213867 0.330353
1.214844 0.331506
1.215820 0.332657
1.216797 0.333805
1.217773 0.334951
1.218750 0.336094
1.219727 0.337234
1.220703 0.338372
1.221680 0.339507
1.222656 0.340640
1.223633 0.341770
1.224609 0.342898
1.225586 0.344024
1.226562 0.345147
1.227539 0.346267
1.228516 0.347385
1.229492 0.348500
1.230469 0.349614
1.231445 0.350724
1.232422 0.351832
1.233398 0.352938
1.234375 0.354041
1.235352 0.355142
1.236328 0.356241
1.237305 0.357337
1.238281 0.358431
1.239258 0.359522
1.240234 0.360611
1.241211 0.361697
1.242188 0.362781
1.243164 0.363863
1.244141 0.364943
1.245117 0.366020
1.246094 0.367095
1.247070 0.368167
1.248047 0.369237
1.249023 0.370305
1.250000 0.371370
1.250977 0.372433
1.251953 0.373494
1.252930 0.374553
1.253906 0.375609
1.254883 0.376663
1.255859 0.377715
1.256836 0.378764
1.257812 0.379811
1.258789 0.380856
1.259766 0.381899
1.260742 0.382939
1.261719 0.383977
1.262695 0.385013
1.263672 0.386047
1.264648 0.387078
1.265625 0.388107
1.266602 0.389134
1.267578 0.390159
1.268555 0.391182
1.269531 0.392202
1.270508 0.393220
1.271484 0.394236
1.272461 0.395250
1.273438 0.396262
1.274414 0.397271
1.275391 0.398279
1.276367 0.399284
1.277344 0.400287
1.278320 0.401288
1.279297 0.402287
1.280273 0.403284
1.281250 0.404278
1.282227 0.405271
1.283203 0.406261
1.284180 0.407249
1.285156 0.408235
1.286133 0.409219
1.287109 0.410201
1.288086 0.411181
1.289062 0.412159
1.290039 0.413135
1.291016 0.414108
1.291992 0.415080
1.292969 0.416049
1.293945 0.417017
1.294922 0.417982
1.295898 0.418946
1.296875 0.419907
1.297852 0.420866
1.298828 0.421824
1.299805 0.422779
1.300781 0.423732
1.301758 0.424684
1.302734 0.425633
1.303711 0.426580
1.304688 0.427526
1.305664 0.428469
1.306641 0.429410
1.307617 0.430350
1.308594 0.431287
1.309570 0.432223
1.310547 0.433156
1.311523 0.434088
1.312500 0.435017
1.313477 0.435945
1.314453 0.436871
1.315430 0.437795
1.316406 0.438716
1.317383 0.439636
1.318359 0.440554
1.319336 0.441471
1.320312 0.442385
1.321289 0.443297
1.322266 0.444208
1.323242 0.445116
1.324219 0.446023
1.325195 0.446928
1.326172 0.447830
1.327148 0.448732
1.328125 0.449631
1.329102 0.450528
1.330078 0.451423
1.331055 0.452317
1.332031 0.453209
1.333008 0.454099
1.333984 0.454987
1.334961 0.455873
1.335938 0.456758
1.336914 0.457640
1.337891 0.458521
1.338867 0.459400
1.339844 0.460277
1.340820 0.461152
1.341797 0.462026
1.342773 0.462898
1.343750 0.463768
1.344727 0.464636
1.345703 0.465502
1.346680 0.466367
1.347656 0.467230
1.348633 0.468091
1.349609 0.468950
1.350586 0.469808
1.351562 0.470664
1.352539 0.471518
1.353516 0.472370
1.354492 0.473221
1.355469 0.474070
1.356445 0.474917
1.357422 0.475762
1.358398 0.476606
1.359375 0.477448
1.360352 0.478288
1.361328 0.479127
1.362305 0.479964
1.363281 0.480799
1.364258 0.481633
1.365234 0.482464
1.366211 0.483295
1.367188 0.484123
1.368164 0.484950
1.369141 0.485775
1.370117 0.486598
1.371094 0.487420
1.372070 0.488240
1.373047 0.489059
1.374023 0.489875
1.375000 0.490691
1.375977 0.491504
1.376953 0.492316
1.377930 0.493126
1.378906 0.493935
1.379883 0.494742
1.380859 0.495547
1.381836 0.496351
1.382812 0.497153
1.383789 0.497954
1.384766 0.498753
1.385742 0.499550
1.386719 0.500346
1.387695 0.501140
1.388672 0.501932
1.389648 0.502723
1.390625 0.503513
1.391602 0.504300
1.392578 0.505087
1.393555 0.505871
1.394531 0.506654
1.395508 0.507436
1.396484 0.508216
1.397461 0.508994
1.398438 0.509771
1.399414 0.510547
1.400391 0.511321
1.401367 0.512093
1.402344 0.512864
1.403320 0.513633
1.404297 0.514400
1.405273 0.515167
1.406250 0.515931
1.407227 0.516694
1.408203 0.517456
1.409180 0.518216
1.410156 0.518975
1.411133 0.519732
1.412109 0.520487
1.413086 0.521242
1.414062 0.521994
1.415039 0.522745
1.416016 0.523495
1.416992 0.524243
1.417969 0.524990
1.418945 0.525735
1.419922 0.526479
1.420898 0.527221
1.421875 0.527962
1.422852 0.528702
1.423828 0.529440
1.424805 0.530176
1.425781 0.530911
1.426758 0.531645
1.427734 0.532377
1.428711 0.533108
1.429688 0.533837
1.430664 0.534565
1.431641 0.535292
1.432617 0.536017
1.433594 0.536740
1.434570 0.537463
1.435547 0.538183
1.436523 0.538903
1.437500 0.539621
1.438477 0.540338
1.439453 0.541053
1.440430 0.541767
1.441406 0.542479
1.442383 0.543190
1.443359 0.543900
1.444336 0.544608
1.445312 0.545315
1.446289 0.546021
1.447266 0.546725
1.448242 0.547428
1.449219 0.548129
1.450195 0.548830
1.451172 0.549528
1.452148 0.550226
1.453125 0.550922
1.454102 0.551617
1.455078 0.552310
1.456055 0.553002
1.457031 0.553693
1.458008 0.554382
1.458984 0.555070
1.459961 0.555757
1.460938 0.556442
1.461914 0.557126
1.462891 0.557809
1.463867 0.558491
1.464844 0.559171
1.465820 0.559850
1.466797 0.560527
1.467773 0.561204
1.468750 0.561879
1.469727 0.562552
1.470703 0.563225
1.471680 0.563896
1.472656 0.564566
1.473633 0.565234
1.474609 0.565901
1.475586 0.566567
1.476562 0.567232
1.477539 0.567895
1.478516 0.568558
1.479492 0.569219
1.480469 0.569878
1.481445 0.570537
1.482422 0.571194
1.483398 0.571850
1.484375 0.572504
1.485352 0.573158
1.486328 0.573810
1.487305 0.574461
1.488281 0.575111
1.489258 0.575759
1.490234 0.576406
1.491211 0.577052
1.492188 0.577697
1.493164 0.578341
1.494141 0.578983
1.495117 0.579624
1.496094 0.580264
1.497070 0.580903
1.498047 0.581540
1.499023 0.582177
1.500000 0.582812
1.500977 0.583446
1.501953 0.584078
1.502930 0.584710
1.503906 0.585340
1.504883 0.585969
1.505859 0.586597
1.506836 0.587224
1.507812 0.587850
1.508789 0.588474
1.509766 0.589097
1.510742 0.589719
1.511719 0.590340
1.512695 0.590960
1.513672 0.591579
1.514648 0.592196
1.515625 0.592812
1.516602 0.593428
1.517578 0.594042
1.518555 0.594654
1.519531 0.595266
1.520508 0.595877
1.521484 0.596486
1.522461 0.597094
1.523438 0.597701
1.524414 0.598307
1.525391 0.598912
1.526367 0.599516
1.527344 0.600119
1.528320 0.600720
1.529297 0.601321
1.530273 0.601920
1.531250 0.602518
1.532227 0.603115
1.533203 0.603711
1.534180 0.604306
1.535156 0.604900
1.536133 0.605492
1.537109 0.606084
1.538086 0.606674
1.539062 0.607264
1.540039 0.607852
1.541016 0.608439
1.541992 0.609025
1.542969 0.609610
1.543945 0.610194
1.544922 0.610777
1.545898 0.611359
1.546875 0.611939
1.547852 0.612519
1.548828 0.613098
1.549805 0.613675
1.550781 0.614252
1.551758 0.614827
1.552734 0.615401
1.553711 0.615974
1.554688 0.616547
1.555664 0.617118
1.556641 0.617688
1.557617 0.618257
1.558594 0.618825
1.559570 0.619392
1.560547 0.619958
1.561523 0.620523
1.562500 0.621087
1.563477 0.621650
1.564453 0.622211
1.565430 0.622772
1.566406 0.623332
1.567383 0.623891
1.568359 0.624448
1.569336 0.625005
1.570312 0.625561
1.571289 0.626116
1.572266 0.626669
1.573242 0.627222
1.574219 0.627774
1.575195 0.628324
1.576172 0.628874
1.577148 0.629423
1.578125 0.629970
1.579102 0.630517
1.580078 0.631063
1.581055 0.631607
1.582031 0.632151
1.583008 0.632694
1.583984 0.633235
1.584961 0.633776
1.585938 0.634316
1.586914 0.634855
1.587891 0.635392
1.588867 0.635929
1.589844 0.636465
1.590820 0.637000
1.591797 0.637534
1.592773 0.638067
1.593750 0.638599
1.594727 0.639130
1.595703 0.639660
1.596680 0.640189
1.597656 0.640718
1.598633 0.641245
1.599609 0.641771
1.600586 0.642296
1.601562 0.642821
1.602539 0.643344
1.603516 0.643867
1.604492 0.644388
1.605469 0.644909
1.606445 0.645429
1.607422 0.645948
1.608398 0.646465
1.609375 0.646982
1.610352 0.647498
1.611328 0.648013
1.612305 0.648528
1.613281 0.649041
1.614258 0.649553
1.615234 0.650065
1.616211 0.650575
1.617188 0.651085
1.618164 0.651593
1.619141 0.652101
1.620117 0.652608
1.621094 0.653114
1.622070 0.653619
1.623047 0.654123
1.624023 0.654626
1.625000 0.655129
1.625977 0.655630
1.626953 0.656131
1.627930 0.656631
1.628906 0.657129
1.629883 0.657627
1.630859 0.658124
1.631836 0.658621
1.632812 0.659116
1.633789 0.659610
1.634766 0.660104
1.635742 0.660596
1.636719 0.661088
1.637695 0.661579
1.638672 0.662069
1.639648 0.662558
1.640625 0.663047
1.641602 0.663534
1.642578 0.664021
1.643555 0.664507
1.644531 0.664991
1.645508 0.665475
1.646484 0.665959
1.647461 0.666441
1.648438 0.666922
1.649414 0.667403
1.650391 0.667883
1.651367 0.668362
1.652344 0.668840
1.653320 0.669317
1.654297 0.669794
1.655273 0.670269
1.656250 0.670744
1.657227 0.671218
1.658203 0.671691
1.659180 0.672163
1.660156 0.672635
1.661133 0.673105
1.662109 0.673575
1.663086 0.674044
1.664062 0.674512
1.665039 0.674980
1.666016 0.675446
1.666992 0.675912
1.667969 0.676377
1.668945 0.676841
1.669922 0.677304
1.670898 0.677767
1.671875 0.678228
1.672852 0.678689
1.673828 0.679149
1.674805 0.679608
1.675781 0.680067
1.676758 0.680525
1.677734 0.680981
1.678711 0.681437
1.679688 0.681893
1.680664 0.682347
1.681641 0.682801
1.682617 0.683254
1.683594 0.683706
1.684570 0.684157
1.685547 0.684608
1.686523 0.685058
1.687500 0.685507
1.688477 0.685955
1.689453 0.686402
1.690430 0.686849
1.691406 0.687295
1.692383 0.687740
1.693359 0.688185
1.694336 0.688628
1.695312 0.689071
1.696289 0.689513
1.697266 0.689954
1.698242 0.690395
1.699219 0.690835
1.700195 0.691274
1.701172 0.691712
1.702148 0.692150
1.703125 0.692586
1.704102 0.693022
1.705078 0.693458
1.706055 0.693892
1.707031 0.694326
1.708008 0.694759
1.708984 0.695191
1.709961 0.695623
1.710938 0.696054
1.711914 0.696484
1.712891 0.696913
1.713867 0.697342
1.714844 0.697770
1.715820 0.698197
1.716797 0.698623
1.717773 0.699049
1.718750 0.699474
1.719727 0.699898
1.720703 0.700322
1.721680 0.700745
1.722656 0.701167
1.723633 0.701588
1.724609 0.702009
1.725586 0.702428
1.726562 0.702848
1.727539 0.703266
1.728516 0.703684
1.729492 0.704101
1.730469 0.704517
1.731445 0.704933
1.732422 0.705348
1.733398 0.705762
1.734375 0.706176
1.735352 0.706589
1.736328 0.707001
1.737305 0.707412
1.738281 0.707823
1.739258 0.708233
1.740234 0.708642
1.741211 0.709051
1.742188 0.709459
1.743164 0.709866
1.744141 0.710273
1.745117 0.710679
1.746094 0.711084
1.747070 0.711489
1.748047 0.711892
1.749023 0.712296
1.750000 0.712698
1.750977 0.713100
1.751953 0.713501
1.752930 0.713902
1.753906 0.714301
1.754883 0.714700
1.755859 0.715099
1.756836 0.715497
1.757812 0.715894
1.758789 0.716290
1.759766 0.716686
1.760742 0.717081
1.761719 0.717476
1.762695 0.717869
1.763672 0.718262
1.764648 0.718655
1.765625 0.719047
1.766602 0.719438
1.767578 0.719828
1.768555 0.720218
1.769531 0.720607
1.770508 0.720996
1.771484 0.721384
1.772461 0.721771
1.773438 0.722158
1.774414 0.722544
1.775391 0.722929
1.776367 0.723314
1.777344 0.723698
1.778320 0.724081
1.779297 0.724464
1.780273 0.724846
1.781250 0.725227
1.782227 0.725608
1.783203 0.725988
1.784180 0.726368
1.785156 0.726747
1.786133 0.727125
1.787109 0.727503
1.788086 0.727880
1.789062 0.728256
1.790039 0.728632
1.791016 0.729007
1.791992 0.729382
1.792969 0.729756
1.793945 0.730129
1.794922 0.730502
1.795898 0.730874
1.796875 0.731245
1.797852 0.731616
1.798828 0.731986
1.799805 0.732356
1.800781 0.732725
1.801758 0.733094
1.802734 0.733461
1.803711 0.733829
1.804688 0.734195
1.805664 0.734561
1.806641 0.734926
1.807617 0.735291
1.808594 0.735655
1.809570 0.736019
1.810547 0.736382
1.811523 0.736744
1.812500 0.737106
1.813477 0.737467
1.814453 0.737828
1.815430 0.738188
1.816406 0.738547
1.817383 0.738906
1.818359 0.739264
1.819336 0.739622
1.820312 0.739979
1.821289 0.740336
1.822266 0.740691
1.823242 0.741047
1.824219 0.741401
1.825195 0.741756
1.826172 0.742109
1.827148 0.742462
1.828125 0.742815
1.829102 0.743166
1.830078 0.743518
1.831055 0.743868
1.832031 0.744218
1.833008 0.744568
1.833984 0.744917
1.834961 0.745265
1.835938 0.745613
1.836914 0.745960
1.837891 0.746307
1.838867 0.746653
1.839844 0.746999
1.840820 0.747344
1.841797 0.747688
1.842773 0.748032
1.843750 0.748375
1.844727 0.748718
1.845703 0.749060
1.846680 0.749402
1.847656 0.749743
1.848633 0.750084
1.849609 0.750424
1.850586 0.750763
1.851562 0.751102
1.852539 0.751440
1.853516 0.751778
1.854492 0.752115
1.855469 0.752452
1.856445 0.752788
1.857422 0.753124
1.858398 0.753459
1.859375 0.753794
1.860352 0.754128
1.861328 0.754461
1.862305 0.754794
1.863281 0.755126
1.864258 0.755458
1.865234 0.755789
1.866211 0.756120
1.867188 0.756450
1.868164 0.756780
1.869141 0.757109
1.870117 0.757438
1.871094 0.757766
1.872070 0.758094
1.873047 0.758421
1.874023 0.758747
1.875000 0.759073
1.875977 0.759399
1.876953 0.759724
1.877930 0.760048
1.878906 0.760372
1.879883 0.760695
1.880859 0.761018
1.881836 0.761341
1.882812 0.761663
1.883789 0.761984
1.884766 0.762305
1.885742 0.762625
1.886719 0.762945
1.887695 0.763264
1.888672 0.763583
1.889648 0.763901
1.890625 0.764219
1.891602 0.764536
1.892578 0.764853
1.893555 0.765169
1.894531 0.765485
1.895508 0.765800
1.896484 0.766115
1.897461 0.766429
1.898438 0.766743
1.899414 0.767056
1.900391 0.767369
1.901367 0.767681
1.902344 0.767993
1.903320 0.768304
1.904297 0.768615
1.905273 0.768925
1.906250 0.769235
1.907227 0.769544
1.908203 0.769853
1.909180 0.770161
1.910156 0.770469
1.911133 0.770776
1.912109 0.771083
1.913086 0.771389
1.914062 0.771695
1.915039 0.772000
1.916016 0.772305
1.916992 0.772609
1.917969 0.772913
1.918945 0.773217
1.919922 0.773520
1.920898 0.773822
1.921875 0.774124
1.922852 0.774426
1.923828 0.774727
1.924805 0.775027
1.925781 0.775327
1.926758 0.775627
1.927734 0.775926
1.928711 0.776225
1.929688 0.776523
1.930664 0.776821
1.931641 0.777118
1.932617 0.777415
1.933594 0.777711
1.934570 0.778007
1.935547 0.778302
1.936523 0.778597
1.937500 0.778892
1.938477 0.779186
1.939453 0.779479
1.940430 0.779772
1.941406 0.780065
1.942383 0.780357
1.943359 0.780649
1.944336 0.780940
1.945312 0.781231
1.946289 0.781521
1.947266 0.781811
1.948242 0.782100
1.949219 0.782389
1.950195 0.782678
1.951172 0.782966
1.952148 0.783254
1.953125 0.783541
1.954102 0.783827
1.955078 0.784114
1.956055 0.784400
1.957031 0.784685
1.958008 0.784970
1.958984 0.785254
1.959961 0.785538
1.960938 0.785822
1.961914 0.786105
1.962891 0.786388
1.963867 0.786670
1.964844 0.786952
1.965820 0.787233
1.966797 0.787514
1.967773 0.787795
1.968750 0.788075
1.969727 0.788355
1.970703 0.788634
1.971680 0.788913
1.972656 0.789191
1.973633 0.789469
1.974609 0.789746
1.975586 0.790023
1.976562 0.790300
1.977539 0.790576
1.978516 0.790852
1.979492 0.791127
1.980469 0.791402
1.981445 0.791677
1.982422 0.791951
1.983398 0.792224
1.984375 0.792498
1.985352 0.792770
1.986328 0.793043
1.987305 0.793315
1.988281 0.793586
1.989258 0.793857
1.990234 0.794128
1.991211 0.794398
1.992188 0.794668
1.993164 0.794938
1.994141 0.795207
1.995117 0.795475
1.996094 0.795743
1.997070 0.796011
1.998047 0.796279
1.999023 0.796546
2.000000 0.796812
